Mean: 3383.500000
Variance: 9055261.000000
